1111 1110111οΜ1111.

⁶3 111, 111 11, 9.), 111111111111111 1111 11111 (111. 111. Gan. 11 coum. 1,
111,1111111,11,11.), itm mmmm.. Ι,10, 111 11,1,ι1; 1,1;
11,1 11 11 811. 1, 18, 8), «mim 1111 1111111 111 11 1111 111 1111111111,
111111 pro 11 11111 111 111111 (Gonu. 11, 18, 1, 1111111111811. 111, 8,1.),
1111111111 1111111 111 11111111· 1111 (1111111.Ι,11, ²⁵3 111111. 18,
1.), 11111111111111111111111111111111(811.1,1,1;1, 111111, 1,1; 1,
11 1,11; 11,11; 11,1.), 1111111111 111 1111111111111111(111.11111
cm. 1, 1, 1.), 11111111111111 11 1111 11111111111111 (111. 111. 11 Gonu.
1, 18, 111, 11111111 pro 11111111111111111111(011111. 11, 11, 9.), 1111111111
pro 11111111111111111(8111,1, 11111 1ΙΙ,11,1.), 11111111111111
1111 111 muniam 111 1111111 1111111111 (1111111111, Coun. 1, 1, ⁸3 811.
1,1,1,1,1111,11;1,11,11.1, 11111111111111111111 111111 111 1111-
1111111(111. 111. 11 Gonu. ΙΙ, 11, 11,), 1111111111 111 11 1111 1111111111
111111 ((111111..1,1, 1⁵3 8, 111 16,’1ς 11, 11, 1818111, 1,1.), 11111111
1111 1111111111111111(011111.11,1,11), 1111111111 111 1111111 1111111·
1111111111111111, 1111111 (811. 1, 1, 111 11, 1, 11111, 11, 18,), 11111111
pro 1111111111 111111111(811.1,1,1011,1; 11,11111,11,1; VIM, 1111
1,111; 11, 1. (11. 111111. 11 11111111. 1. 1 11), 1111111 111 11 1111 111
1111110111. ΙΙ, 11, 18,), nunciarem 1111111 111 labefactare 111 1111111
(011111.11,11,1;811. 111, 8, 1111111), 11111111 1111111 11 1111111111·
1111(111.111.1111111. 111111).

11111111 111111111111111111111111 1111111111 11111111, 11 ducul-
(111. 1, 18,1), quocum 1111111111 1111111, 1111 otim 11116111111111111-
111, 1111111 (811. 111, 11, 1111111), m (811. 111, 11, 111.) 1111111111
(11. 11,), 11111111 (Su. 111, 11, 1.), 11111 11 11111 (111. 111. 11 0111111. 11,
5, 11,), prim (811. 111, 9, 111 11, 8.), 11111111111111 (0111111111, 11),
1111111111 (comm. 1, 11, 1³ 11111 11 1111.1“1,1.)ς 1111 1111111111 111-
11111111111, 1111 vulgo 11111111 811. 1, 11, 1., 111 1 1111111111 profectum
1111 1111111. Magia 1111111111 ponitur 111 1111111(111.111.11 Coun. 11,
111, 11 1111 11 1111. 19, 111 n), iungitur 111111 um 111111 nelle (811.
1,1,1); mro 1111111 eu· 1111111111 11 1111111 praeteritu- 1111111111·
1111 1111111111111111111111ι (111. 111. 11 Coma. 1,11, 9. 1111 1111.
11, 11,).

Ex 111 1111 exempli 11111 111111111111111111111 1111111111 1111111111
111111111111111 111111,111111111 1111111111 111111ιί111 1111111111111111111111,
11 111 111111 1111111 confunderet, 1111111111 1111111111111 11111 1111 hubo·
1111111111 1111111111111111 11 11 1111111 11111111111111111, 11 1111111 vox
11111111 111111111111111111111111 11111 1111 1111111 11111, 111111 ponimini:
1111, 111111 111111 1111111 111 11111, 11 quibu 111111 1111111111 11111 11·
11111111 1111 excipiunt. 0111111111111111111111, 111 om 1111111111111
11111· 11111111 1111 cavendum, 11 1111 111 iterantur, ideoque 1111111
1111111 11111111111111 1111111111 1111111 manu 1111111.

1. 1111111111 1111111111 1111111111111111, 1101111111. Ι, 11, 13.
1111 111111 prinae 1111111111111 1111111111 1111111111 1111111111,
11111 11111 11111111 1111111111111111 1111111 partinet, 11 111111, neque 11-
1111 11111111,11111 11111111,111011111.1,11,1.111111 11111 1111111111 11-
ter 111 11111111. Plura 1111111 longu- 111.

11111 111111111111 merobii 111111 1111111 11111 potat 111111,
1111 1111111 111 1111 11111111 1111111111 111111 11111 11111 11111111, ut 111111
uiuri· 11111111 1111111111111111 11111 1111111111 111111 111 comunt

 

