318 1111111111 commi

' 111-ι ιι pn 111 111 111 tog-m ...11 monitu. - 111. i ιτ. nu
1111111111 111111110111111118111111811111111. (11.1 18. i· melanium
111111, 11 111. 1111111 11 1, 1,1. 1. 116. 4. 111. Pa

. An 1110111111 mammen] 1.111.11111.1.1.1111111111111-
1111 111 1111111111 11 1111111111 11111111111 1111 11111111111 11111111.

1. 110. 1111111111111111111111111111 111111 1111111111, 11 1111 11·
1111111 111, quin 11 priore 111 11111111 1111111111111111111111, 11 11 11·
1111111111 11111111111, 1111111111111111 111 11111111111111111111, 11111 in
11111111 tutum 111111 1111111111 11 1111111 11111111111111111111 1111111111
numeria. 1. 111. 111. 1. 11. 1111 1111111111 111. sigum “.

11111111111 1111110 DE 11111. ΕΤ 8088111111. QVE 11111111]
1. m Cu 111111111111 111111 11111 1111. 011111. 11, 11, a: 111 ergo 1111
1111111111111111 1111111111 11 1111111111 iunguntur· - 1111. 1111
11111111 1111111 quae (111111 1111111111 11111111, 1111. Sat. 111, 18,111
1111111111, quem (111111111111 111111. 1. 181. 11111.,1.4.*111.
1111111 1111 11111.Ι 1. 181. 1. 111.1111111111111.-1111.111.111.
181* Quum 11 111. Ρ. 1111111 ΖΗ 111111 ΣΣ, 111111111111111111
1111, 11 11 111111111 111111, zi 111 ΣΣ. 1111811111. 4.*
11111111111111111 1111111111111111111. 81111111 1111111 11 111111111τί1
1111111111 (1. 111. 11.) 11 11 11111 1. 1. 188. 11. 1.* 1111 11111111
111. eom - 1111181. 11111111ιό 11111111111ς 1111. 1.* 11111
quia ... 1111111111 111 11111111 1111111111 1111111111 11111111. - 1111. 1
9. 1. 111111, 1111 111 1111111111 111111111111, 1111111111 nim ·-
1111. 811 1. 11111 1111111 1111 11111111 11 1111111111, (11. 111111. 111-
1111111581111181. 111111111111111 111111111111111. - ibicis
11.1.* lego-dm 111 drogoni, 1111 111. 1111161 111. 1. 181. ς

11. 1.* ¹⁰8· 11111111, 11 s 18. 811. 1111111111. 1. 141. 111. 11. ς
1111* 1111111111 111111111111 1111111111 1111111 11111. 1. 111 11111111
11 1111111111. 1. 141. 11111. 1. 111* aq. 111. ΔΗΜΟΦΑΡΩΝ,
ammam 111 1111111111 1. 841. 1111111. 111111111111111111111111·
1111. 1. 114. 11111. 1. 1.* 111. demontrant. 1. 141. 111.
1111. S 11. 1. 1111 11 111111111111 1111111 11111. - 1111. S 111111. 11

1111111 111 1111111111111111 11111111 1111111111111 1111, 111111111111111
111 1111111 111 1111111111 amisit. 1. 111. 111. 111. S 1. 4. 11 §3- 2,
11111111. 1111, §S 1, 8, 10, 18, 18, 111 1. 113 1, ainus 1 111111111111
111ῐὶ111111 11 111111111111111 11111, quod 11111111. 111. 181111. -
1111. § 1. 8. 111111 11 1111111111 1111111 1111 manuciolum 111111. conr.
prologg. 1. ιιι. 1. 1111. 11111. b. 1. 111. ii. 1. 111. 1.* 111.
· 1111. 1. 118. 8.* 111. 1111111 1111111. 1111 111111111111111111111--
111 11111 111111111111111. 1. 111. 1. 111. {anutium ·- 1111. 111.
111. s 1. 4. 1111111-111 111111111111111111111. 1. 111. 113111.
1111111, 11 8.* ἐσφραγισμένοι. 1. 181. 111. 111. 11411111 1111·
1111 in ingundam 1111 qm Mn 1111111111. mie. s 1. 1. 111111
1111111111 1111111111. - 1111.Δ11.8.111.1111111111]11 111111111111. 17.
(1111111. 1. 91. - 1111. 11111. 1. 11111111111111] 111. 111111111 11111111
vagid, 111 1111 1111111 1111] 111. 1111111 111111 δαμῆναι 1111111. 1.
1111. 1. 111. 1111111 1111 1111111111. -·· 1111. s 11. 1. 1111111111111111·
1111111 1111 111111 111 11111111111111111111111. - 1111. 111. 1 11111,
1111111. 1.1. auu zm. 1. 181. 1. 111. tm. - 1111. 1. 1111.
1.*1111111111111111111111111111111 111111. 011111 1111111111. 114.
111. -· 1111. 11111. 1. 1.* 111. 111. 111111* 111. hu.

 

