1111111 mmmmm. ⁰·

(1.1, 11.)1111111111’111μ111111ῃ.·η1111111,111)1111111111
111111 mmtw - .

11)111111111(111,,.141 111111.,1111111.1111111111-11111141111-
rum conmuni-run 11111111 11 8111111111 semona 1111-
[1111111111 (Ι,1,11.)1.41111111111111111. 11111111111111(111.11.
11111111 11111111 mum 1111111111 1111111111. 1111111111 1111 1111-
11111111 111111 111111 11111111 11111111 11 1111111 1111111111 11111111
,,1111111 hun 11 11111111, 14, 1111). 11111111111111 munua- 11 111111Ι
1111111111 111111111111, 111, ¹5²) quod 1111111111 wiua- (11111111
11111111111111μ 11111111 1111111111 81111111111111 1111111, Ι, 1.
[14111111 11111 111111111111111111,1[[11.]ιμ11111111111-
11111111· 111. 11: 14. [1 1.]1 Μω]1111111111111,1111111[[1111.]11111
ῥ1111111,111.111.,1111 111 11111111 marginibus 111111111. [1 111]
1111111111 duom, 111111 11 1. 10. [11..) 1111 11111Ἁωί*1- ,1111111111
1111 11111111111111111 1111111111 communionum [1111111 1111 1111111
11 111.0111111111111,1111111111111 1111111 “plumatum 111111111-
111 111111111111. 11 (11.1 11 Vl 11111111 casloim-t fragm-nv

19) 111111111111) ,,1111.11111.41., 1111Ιί 111-111, 111111 11111. 11
primo 11111 11111 1111111811111 1111 1111111111111, ’11 11111 1111111111
commentarii. 11 1111ςί11111 111111 11111 1111 111111 11111111 eum
31111111111111111. 111111 111 11 11111 111111 11111111· 1111111111,
111 1111111111111111 111, Gneo· (11111111111111. 11111111111 ww,
1111111111*11111111111 (11111111 1111111111 1111111111, 111 111 11
111. 11111111 11)

111)111111111(11),,.1.11 111.111,111.1111,111111111111111116111

-111111111111 81111111 Scipioni·- 111111111111111111111. 111111·
1. [111111. F] 1111111 11 111111 (11, 1. Ι.)1 um 1111111111 1111111111.
subscriptum: 1111111111. hu'pt't 11111 1111111111. 111 111111 11113111
11111111 11 (ΙΙ, 11, N.) 1111111 1111111111· 111111 1111111 111. filum
11 111111 1111111111 11131111 1111111 1111111111111111 11111111111111111-
111.“ 1111111111 11 111 11111111 11111. Gal 11111111 mendum
1111111111 11 [111 11111, 1111111111111111111 111111· 1111 111 ·'

11 11· 11111111111111111131111 11111· 111 1111011111111111111
118111111111811111111,1ι11111111111111111.11,11[ι.1.1111[11111 por·
11111111111111111111111.11111811111111111111.(1111,11111111111
1111111111,11 1111111111 1111111111· 11111111 eum 1111111111 typi· 1111111111
111111111111111 [1111111111. 11 1111
11)θο1111ς11111(111π.) 1111111. 111111. 1111111111 11111111 1111111,

111111 1111111111,111111111111111 111 negligentium 11111111 111.
1111111 orgo, 11 111 111111 1111111 11111111111111111111111 111111
qum 11111111111111111111..

η)111111111111111111111111111.1111111101.1111 11111111 111-
11111 1111 commentariorum 111111111111111111 umam 111111111 1111
11111111111 1111 rogan 111111111111 1111111. 11111111
n) 1111111111111011.111111111111111.
2³) 1111111111 (111)(111. vl. vm 1111111. 111. xm.

1111111111111 1111111111111111111111 3111111 1111 11 11 111, 1111
cun 11111111 11111 111 cougnon, 11 digni 111 111111 111 amatu 1111.

Paetum 111111 11 1111111 111111111111 mm: bom connum-
1111 1111111111 11111 11111111111 11111111 11111 111111 11111111 111. 111,

 

