11 0 PROLEGOHENA.

111 1111111111 1111111111 (111. 111. 11 0111. 1, 11, 11.), 11 1111111 (111
11111111 111 praepositione 11) 1111111111 111 11111 1111111111 (0111. 1,
11, 11) 11,1, 11.). 1111111111111, 111 1111111111 11111111 1111111111
1111 11111111111 111111, 11111 quidem 111. vll, 11, 11. 11111111 111111·
11111111 11111 enin 1111111111 1111111111 111111, 111 1111111111 111
1111111 111 11111111 1111111,11 111. vu, 1, 11. Hom 11111111 11111-
1111 111111 hanapum· Ν11111111111 1111111, ml 11111 111 11111111
111111,1’,11, 11. 7111111111 (1111111111) affin 11 Pudnu· 111111 11111
11111111111111111 111 1111 111 1111 «mem 11, iungitur (munta 01·
111111 1111. 11. 1111.)111, 1111111111 111111 11 1111111, 11111111 1111111
111.11111.110111.11,1,11; 111111 111111 111. 11,1,1. 111 uam
111111 11111111111111111 111111111111111111111 1,11, 11. 11 ,111111
11111 11111 111111. 11111111 1 11111111 111111111111 1111111111 111

11111 11111(111.111. 110111.1,1,1., 11111111111 111111, 11, 11. 11- ,

totiuga· 111101 11 111 11111 1111111111, 111 quiden 1111 1111111111
1111111 111111, 11 111. v, 11,·11. 111111 111, 11 111, 7, 11. Bm 1111111 11
111 11111 111111, 11011.11,11,11.1111111 1111111111. 11111111 111-
1111111 1111111111Ι111111111111111111111 11 111111111111 1111111, 111.
Ι,11,11. 111111.1οι...1111111111. 1111111111 1111111111 1111 1111·
1111, 111 11111 1111111111111111 1111111111 1111111111, 1111111111111 11·
11111 11 cona: 1, 1,11 111111 11111 111. 11, 1, 1. 11 11111111 11111111
11111 1111111 1111111111, 11 1, 11. uie legendo 1111111111111 111111 11 offu-
1111111 111-11111111111111111 111 11111111 1111111111, 11. 111. 1, 11, 1.
111111111111111 referendo, 11111 medi 111111 1111111,1,11.
quanm 11111 11111111 1111111111 pergite 111111 11111 11111111111111 11-
11111111 111111111111111 111 1111111111 11111111 1111111111, 111. 1, 1,1.
,1111111111 111 1111111111 11 11111111111. Pro 1111111111 11111111 111
1111111111 111 1111111111 111111 1111111, quod 111111, 1111111111 11·
11111111 1111111 111 1111111111 1111111 1111111111, 1111, 11,11.11111
111 1111111 praetereundus 111, 11111,1,1. 1111111111 111

1111111111. 111 11111 111111 1111111 1111 11111 11111 0111. ΙΙ, 11, 1. ¹
011111 111 ... &mutim accingudun 111 (111 111. not->2 m ,

‘ 1111 participio 111111 psum 1111111111 111. 1, 11, 11. 11 1111111111 pri-«e
1111111111,1111 11 11111111111111,1111111111 supernarum. 0111111111 11·
11111111111111111111111111 111111111111111. 1111111111 1111110111-
11111 1111, 111 1111111111 1111111111, 11111111· 111111111111111111111,
11111. 1,11, 48. 1111 11111 11111 1111111· 1111111111 (11. 1111111111,
11.), 1111 111111 111011111111 1111111111 111111 1111111111 11111,
1111111111111111111111 111111111111, 11111, 11 1111111, 1 1111111111

1111111111111111111 11, 111 111 111111111111 1111111 1111 qnod, 111 ¹

111 111111111111111 111 11111111111, (111. 1111 11 0111.1,11,11.), ¹
1111 quia (111. 111. 111, 1, 11.), 1111 11 (pout 111111 11111111 111111
1111111111 111111, 1 , 1. 11 111, 11, 11., 11 1111111111 1111111 0111.
11, 1,11, (11) 111. 1, 11, 11.,1111 111111 1111111111 11111111 1111111111
111 1111111111 0111. 1, 1,11 11 ΙΙ, 1, 11.). 1111111 opimas· iungitur 111
simplici 1111111111 0111. 11, 11, 1. 1111111111111111 1111111111 1111-
1111111111111111(1Ι1.111.11 0111.1,1,41.1111111.1,1, 11.), 11
1111 11 1111111111 11111 111111 11111111111111111111 1111111111, 11
111 11 111. 111. 1101111. 1, 11, 11., 111 11111111 1111111111111, 11, 11.
111111111111111111 11 1111 111111, ,1111 1111111111111111111111
11111111 1111111. 1111111 11111 1111111111 11 1111 1111111111. 11

 

