INCERTI 1111111111 1111111111. mm 2⁷9

1111 0 111 0111111111, 11111111 111111111111111 1111111 11-
11111111 1111111111 111 1111 1111111111111111111111 1111111111.
11111- 11 1111 M [11 S] 11 Τ 111 1 11111111 flatum 1111 11111111111[111]
111 1111111111 1111111111 111111 loge 1111111111, 11 1111 u 111, 1111111,
ex 11 11111111111, 1111111 1111111 dm, 1111111 pom 111111,111111«
1111111111 11111 11111111οηί111, 1111111111ιὲ, 1111 11111 111111111
11111111, 1111 11111111 11111111, 11111111111111111 generibus 111111
11111111111, 1111111111 11111 1111111111 1111111111.

tt.) 111111 11111, 1111 1111 1111111111 111111111, 111111 11 111111
11111111 111111 1111111111, 1111111111 1111111111. 1111111111 1111111111·
111 iustum, 111111111111 011111 domuin 1111111111 1611111111
mmuh* 1111111111. Nu 1111111111 111 11111 mi· 111.
qum 1111111111111111 uniuscunque 11111 1111 1111111 11 1111111
111 11111111111 11111 eademque 1111111 1111111111, 1111 1111111 11·
1111 111111111 1111111111 11111 11111111, 111111 1111, χρὴ «qam μέ- ’
111, 111) nutv, χρὴ 11111δή11011, m 11111111, udat 1111111111, nobum
1111111 11 111 1111111 11111111 1111111111 11111111111,·111 111 111-.
111111111111111111111 1111 11111111. 11 1111111111 11111 11111111
11111111111 exuor} 111111, hadr} 1111111 111111111111 111 waima,
1111111 1111 111111 11111111 111 111111 111 1111 11111111 111111.
111111111111111111111111111111111111111111111111111,1111111 11-
111, um 1111111, 1111111 11 1111111, 1111 1111 6111111 1111111111
1111111111.

(1,) 11 1111111111 111111 111 111111 1111111111 111, 1111111111111
1111111111 1111111111 11111111111, 11111 111111 11111111. 1111 1111
111111111 11111 11111111 11111111 1111, 111111 111111111111111111111111
1111111111 11111 1111111 11111111 11111111 111 111111111111 1111111111

2 11111 1111 v. - [11 S] ,111111111111111 111. 1111111 1111111111.
lm 11111 mitti 11111111 111111 11 ii· 1111 11111111111 1 11. [1. 1, 1
1.]1111111 laeum 11111111111111111111111.“ 0111. - 111111111111
1111111111. 111. 111. 111111(11111111111111101. 111111. - post·

11111111]1.11,-11111111111; 1. Μ1111111]01.1111Β.1.1.
, 11 111· ·;1111 ⁵ ¹⁶
1111111 1 1111. 1111111111τί. Ad 71. ·- 1111111111111111111).1...-
319311312111111111.111. '¹⁰⁸⁸' “⁸⁸⁶⁴ ’Μ’ (·“1’·

1111111.. 1111 1111.. 11. 1111 11111111111111
11111111 11111111111111 11111 111- 1111111111.
45⁴¹* ΡΝΜΝ· · 1. 11],,111111111111.“1111.

ΕΞ. apud 111] „soih Latinos-‘⁴ 5111111 11111111111111] 01. 1. ’1,
111.. .

[et Ν11111111111111111111 4. 1111111111] ,11111111 111
011Ιί1 111 111 1111111 1111111. subintelligendum 1111.“11111.
81111111111111111111111111· 1111111] ,,1111111111ἰ111 sumitur.
1111 11111111, cum 11111111111111 vid. 8111111111. 1.“ Bm.

11 11 111111 11111111111 111111 111111 0111111 111] cf. 11
1111111,111111,1111. cf. c·10, diff 1. 10, 11. ι .
v 5⁸· · 1. 1111111111 1111111111 11],,11

1111 1111111111 111 111111ιί111] 1111 1111111111111111 1111011111
1111111111111. Sic 1111111 flgi- 111Ἰ11111111111111 Em. -— 01.
11111 11111. Solius 1111111111 11 11111111.

 

