DE 1111110 011. 11111 111

11111111111111111111111111111111111111 11111111111 Qum Ι

nii 11111111 11111111, poue· 1111111, 1111111111, 1111111111 11-
111 11111111 11111111111111111, 111, 111111111111111111,

-11111111, 1111111111, 11111 1111 1111111111 1111111. humum 111111

11111111111111111. 111111 1111111111 11111111111111111·
111 1111111 11111, 11 11111 1111111 1111111111111111111, 111
111111111111111111111· 1111111111 Hortor 1111111111, 111 1111111
11111111. 111111111111111111 11111 1111111 11101111111 11
0111111111 1111111 11111111 11111111 11111111 11111111, 111
1111111111 1111111111 811, 11 111111111111111 111111111111-
11111,1111111111111111 1111111111 11 11111111 11111111 111111,
111 1111111111 111 01111111111111 1111111111111111, 111 11
1111111111111111111111. 1111111111111111111111 1111111
111111111111 lii 11 11111111 111111 1111111 1111111111 11111-
1111 11111111 11111111 8111111111111 (1111111 0111111111111111- .
1111111111 11111111111111, 111 11111111 11 11111111..
111. (11.) 11111111111111111.

111111111111, 11 iu 11111111 1111111, 111 111111 1111111111 111, 1
111 1111111111 1111 11111111 verborum 11111111 1111111111. liu 111
1111111 1111111111 11111111, 1111 1111111111 1111111111 11111111 per
111111111 111111 111 11111111 1111111111, 11 111 111111 11 1111111, quoi
1111111111111111111111 11111 1111111 1111111111 1111111 11111111 ‚
11 11111111, 11111 1111 exegerim 1111111 1111111 111 11 111111, 111 111 ii·
iu,- 11 1111111111 voro 1111111111111111 ox 1111111111 11111111 11111-
111111. 1111 qul 11111 1111111 11111111 11111111111111111111,11111 11111, 1
1111 1111 111 1111 11111111, 111 111 1111111111111 1111111111111111·
11111111111111 1111 1111 11111111 111 1111111111 111 111111 111 ictio-[16³]
1111 'rmum Quid 1111111 8111111 1111111111 1111 11 1111111111 qiam
1111111 111111 1111111111 1111 non 11111111111111 11111, 1111111 11111-
111 111111 11111111 1111111 11 111 1111111111 officium legitur Virgi-
1111,1111111311111,11111111111111 11111111. 1111 111111 1111111111· 1
111 11111111111111111 1111111111 mi 1111111 1111111111
11111111. 1111 111111111111111, 11111111111, 1116111111 oon·
1111111111111111, quod 1111 inpono-alo 1111111, 1111 1111111111
111 1111111, 11 1111 11111 111111, 11111 1111111111, 11111 1111111 11111
111111 111111. Nm 111111111111111, 111111111111111111111111111, 1

111, iio. 1111111111 1111, 1111, 191. 1111111111 11111. 11. 111
indicativo 111] Gi. 111111. 1. 19, 519 1111- 9111111111] 1111. 1, i l.
. 13. 11 Sextio] 1. 3, i 1. 111.111111.1.1111.- reipuplicae
1111111111.- 711ςί1111] Aen. 111, 111. 11. 111 9111111111. 11,
118, ,1111111111111111111111111111* lindi. -· conanimi 11111111 1.
--Vaegiuou Aen. 11, 10. - 1111111111] 1111111, 2, 111. 1111111111.
1.1181. - 0111111]111ς.1111.111,1. 11. 11111111ἆ1111. 1.
1111- 11111111 1111,11111,1111.1,1.ϊ1,111. 111. do 11 ,1.11
11.- 111111111111111111. ·

111. 11111111111111111]01.111111.1. 2⁰. 1. 11111111] (ii.
1. 1, 5 11. - 1111111 1. - 11 1111111111 11111111 11111111111111. 11
om. 11. 1. 1111111111111.11.- 11111111] tannen. lm,
11.- Ver 'iiuq 1111. 11, 119. 1111, 15. 1. 3111 111] (Ji. 111
diff. 1.1. 1. - 111111,,1111111111111111,11111111 111111111111111

11111 11111111111111. - 1111111.- 1111111 V. y
11. 11111111111111]111.111.11 1111, 11 iniurium! 11111. 111.

111111. w α 111 11 ulff. 1.1.
1111 flammicu- ..

 

