CAPUT lv. m

1111111111 1111. 111., 1. me ,,,,1111111111 1111111 1111111111 111 111-
1111111 11111 ex solino 111111111111, 11111 1111 11 1111111 11111111111111-
1111 11111111111111.1111 1111111 01111111 11111. 11 11111111. 1111111 (11·
111 111111111 Aug. Polltinnl 1111. 1111. 11.11.1.1.111.)1 1,,1111111111-
11111 11111 11111111 1111111 1111111111111111111111111111111111
1111111111111.1111 111111. 11111111 11. 11111. 1111111111 1111111111. 1. 111
,mh macrobio scriptore 11111 medimnum 1111,111 1111 11111, 11
111111 1111111111 111 1111111111, 11111 111111 11111.1111 111. 111111
1. 1. 1111111. 11 petron. 1111111. 1. 1. m: ,,,,011111,1111111, 111111111111
11111111 11111111111111 (111, 1.), 111 1111111 111111 (1111111 1111111111 1111
111 111111111111111111111,111111 11111, 1111111111, 1111111 1111111111
11111111111111111111111111111 1111. 011111 11. 111111. 111. 111-
11111181 ,,,,11111 ut 111111, 1111 111111 1111111 11111111(111111111),
11111 1111 1111111111 1111111111111111111111111111111, 11111111
1111111111111111111111.1111 1111111111111.111.11. 1111. 1. 1111. ,111
1111 1111111111 111 1111111 1111111111 1111111111 1111111111 1111111,
1111 111111111111111111111111111 1111111111 (1111111. 1111111111 1111111.
11 111111111111111111 11111111 11 11 1111. 111.1,,,,111111111(11111111111)11-
11111111 11111111 11111111 1111111111 1111111 (111111111111111111.
111111. 1111111. 1111 1. 111.). Neo 1111111 111 11111 11111111 1111111111
1111111111, 1111 11111111 11111 1111111 1111111 1111111 11111111111111111
1111111111 - 111111111111111111111111111111111111111. 11111111.
(1111111111101111.) 1111. 111. 111. 1.1,,11111111111, 1111111, 1111 111111 111111·
11111111 11111111 1111111111 1111111111 11 8111111111111111111111 verbotenus 111-
11111 1111111 1111111111 1111111111 11111, 111 111111 1111111111 1111111111, 111
ingratitudini· 11111 1111111 111111 111111 111111 11111111 1111111111
11 1111111111 11111111111111111 111. 111. 1. 111. 11. Bm· 11111111 111111
,1111111111 1111111111 1111111111.111,111111. 1111111111 111-
111111 118111111111111111111 commemorabimus 11111. chr. Δ. 11111-
111111 111 01111111111111111111111111111 (111111. 1111001111.) 111. vn.
1 11. 1111111111 1111111111 111111111111,,,1111 1111111111111111111 lum.
’ 111 mugil· (1111 111111 1111111111 11111111 111111 11111111. 1111111111
11 111. 11 1111, 8. 1111111111 11111 11111111 1111911111. 111111 11-
111111. c. 11 eo 11111 111111 me 111111111111111, 1111 111111111111111
11 1111111111 1111 11111111, 1111111 11111111 1111111 1111111111 1111111.
011111111111111111111 111111 1111111111111111 11111111 1111111111. 111
11111111 1111111 11 11111111 11 1111111111 11111111 1111111111111111-
11111111111111111.11111111.1 ,1111111111 11111111 1111111111, 111111, 11
1111111111 1111111111 1111111 111111 (11111111) 11111111 11111111111111111
..11111111111111 1111111111 111111 11111111 1111111 111111111111 1111
11111111 11111 11111 1111111111 11111111 1111111111111111111111111 111-
111111, 1111111111 1111111111 ominemini-nn, (1111111 11111111) 111 111111
11111111 1111111111 11111111 qum 111111111 111 11111 11111111 111111-
‘urst‘ 11111111 111111111111111111111 11 1111111111 (11. (11111. 1.

1111111111 ,,111111111111, 1111111, 1111111111111111 11111 11111111, 1111111111
1111 1111111111 111111 111111111111 11111111111111111111111 111111-
111111111, 11 1111111111 11111111 11111111 111111 11 1111111111 1111111111
1111111111 11 1111111111111111111 111111111 1111111111, 11 1111111111 1111111
11111111 11111, 11 poetam· 11111111111111 11111 11 1111111111 1111111 1111-
1111, 111 111 11111111 1111111111, 11111 1111111111111111111111 1111111111
111 11 11111111 1111111 11111111 1111111111 11111111, 1111111 111 111111·

 

