fflfflll. Ι11
111111111111111111111,11111111’11111111.1,111111111111111111

(1111), 111 11 111111 1111111111 1111111 111 11 1111111 11111111 „lma 111-
1111111, 1111111 11111 luter 11 11111111 11111111, 11111 11111111 (111111),
111· 1 111111111 (1111.) 1111111 11111111 1111111 1111111111 κιών, 11111111-
111 (1 11.) ,1111111111 1111111 qui 11 11111 111111111 mmmmm
m (111.) 1111111, qdd 11111111 [mr 111111 11 1111111, 11 1111 1111
aarum 1111111111111111111111 11 11111111 111111111111111111 m-
,11111 1111111111 11111111, 1113111 peruenitur, 11 111111 (111111. ΙΙΙ, 1.)1 111·
1111 1111111, qm 111... aba 1111111 1111111111, 1111111111 (1. 11.) 11
1111111111111 111111111111 veterum 1111111111, 1111111111 dece· 1111
1111111 1111111111 1111111111, 1111111111. 11.) 1111 1111 1111111 qm
1111111111 11 1111111 11111111 (1111. ΙΙΙ, 1.), 11 11111111111 1111111 utel·
111111 1111111111111111 magnitudinem 111111 1111111111. 111 1111 11111111
11 (somn. lv, 1.) 111111 111 1111111111111111111 111 1111111111 11111, m·
111111 1111 111111111111111., 11 (1.11, 11.) 1111111111 quna- 1111111-

1111111111, (1111 1 1 θ.) ,11 11111111 11111111, (1. 11.),,1111111111111
11111 11 1111111111 11 111111111 1111 1111111111, (1.11.) ,11 11111111

η11111111 1111111, qm 1111111 111111, 11111111111111111111111111111(ι
(111111 11111 (1. 111.) 1111111111· 1111111111 111 dux 11 11111111 11
nodum 11111111 1111111111, m 1111111 1111111111, munem-diu,
11 1111111 1111111 11 11111111, nonnum 11 11111 11 111111), (1. 11.) „qu
11111 1111111111111 1111111 11111111 1111111111111111, 1111 11111111
11111111111111 11111 1111 111111 1111111 111 1111111 11111111 111111
brevium, 11111111 11111111111111111, 11111111111111111111 11 11111111
pute· 1111111 111, 111· 11111 111111 11111111 11 1111 11111 11 1111111 11-
111111 1111111 1111, 111111 111111 (1111 1111.) 11111111111111111 11111·
n! (81111. 111, 1.)1 11111111 1111 11111111 (11111 111111) 1111111 1111111 111-
1111 1111111 11111111 mi 11111, 1111111 (1. 11.) „qu 1111111 11 tem.
11111111 111111 1111 111 1111111111, 1111111111 (sm. 111, 1.) 111111 Nn 11
quacun& 111111, 11111, squ-mamm, 11111111111111
mi· 1111 1111111111. ’
11111 11. 11111111111111111111111111111. V, 1.) 111111 1111 1111
111 111 1111111 11111 1111 111111 11 1111 1111111 11111, 111, 11 1111111, „qna
' 1111 111111 1111111111 11111111 11111111 efficiam, 11 (1 8 111.) 11111111 111
111111111111111111111111 11 (111111.) ,111 1111111 1111 11 1111111111·
11111111 11111111111.“ cupito 1. exulum 1111111111 vom: qui 11-
11111111 1111111111 1111111111, 111111111 1111111 111111111111111111111111·
putu 1111111 11111111 1111111 officim, 1111111111 1111111 11 1111111111
111111111111 1101111( 11.) 1111111 11111111 11111111 11111111 1111
11111111 11111111 11111111 1111111111 111111111111. 0111. 1111118111-
11111111 111111 quan Plato 1111111 11111111 1111111111111111,11111111111ο
1111111111 11 11 mm 111111 1111 11 11111111·111111111111111,1111111
quid 1111111111111111111111111111111 11 11111111111 1111 1111 11111 111-
11111 11111111. Deinde 11111 (1111. 1,1.)1 111 1111111111, 11 extrema 11
111111 paru 11111111, 11 111111 111111 11111 111111, 111111111(1. 1.) 1111-
1111111111 11111 1111111111111111, et, 11111111 (1 11111111 1111 111-
1111111111 11 111111111111 111 1111111111, 1111111(81111. V, 1.)1111111
1111 1111111111 cumn 1111111 1111111111 1111111111 1111111111 11111, 11111·
nem 11111 1111111111 11111 111, lectoren delegat 11 en 1111 1111111111
11111 (1, 1,11111.), 1111 1111 11111111 1111111111111111111111111
11111111 11111111 11111 11111111 11111111 1111111, 111 111111 1111111111

 

