'CAPUT V. 111

111 mm„ 11111, nullo 111111, 11111111, 1111111 1111111 ’111111 1111-
11111111111111 1111111111 11111 111111 1111111111. B 1111111111 11111111

11111111 111 11111 111111 11111111111111111 11111111111 1111 111·-
mnu. 1111111 1111111 1111 1111111 uncialibus. 01111111 11111 1111111111
exscriptus, 11111111 1111111 1111, qm 11111111111111 1111111111.
Ἴ 11111111111111111 111111111111 11111111111 1111111111 111111111 1111
111111· 1111111111 11 ...... 111111 111 1111111111 1111111111 111 111 11111 11
1111111111 1111111111 11 11111111 carpto (1111111111111111111111111111-
111111 81111111111111111111 qm 11 11111111 1111111111 1111111111 1111111,
11 111111 (1111. 11 111111) 111111 1111111111 (111. 1111111111) nd 111111 11111111
1111111111111 11111111,1111111 1111111111111111111111 111111 1111111111
11 111111111η111111111111.1.1.’1.11.111111111111111111111111-
111 11111 1111111 111. 111111111111111 11 111111111111 111111 1111111
1111111, ,1111 11111 11111111111111 11111111011111111111111
1111111111 1111111111 11111111 111111111111 1111111111, 111111111111111-
111 11111111,111111111111111111111111111111 1111111111. 1111111111-
1111 1111111 insomnio: EX 111118 monnau 1111 umanum
1111111111 111· omnm. 1111111 11 111 11 11111 legitur 111
ovio.) 11111· mum. 111 111111,111111111111, 1111111111, mnu.
11111 nn· (11111 11.).11 1111111111 mertun 111 'nn 111111 11
mn, 11 1 ⁷⁷. 1111 men ’0111111 111111110111111. sulm·
1111. Gan. 11. 11. 111 1111111 111111 111111 11111111 1111111111 1111111111,
apertu 1111 11111111 111. 1111111111111,1111111111111111111111111 Ι
111111 11111111 111 11111111 111, 111 1111111111111 111. 11. 1 1.,.11 legatur:
. 1111111111. Et 111 11111111 111-11111 1111111111 11111111 11111111111111 1111111
111111111111111111111 11111 mim 1111111111 1111111111. nequitur ln-
111111111 1111 11110111 vinomo, 11 1111111111. 1 X: 11111 niveum
Ammona 1110110111 111 sonis mumvmnn. 11 fine (un. ΙΙ.
1.1..1 11) 11111111 1111111 qnod 1111111111 1111111111111 1111111 11 111111-
1111111111,11111111111111111111111ω111111111111.11111.111-
111111)111.11.11.111 1111111.111111’11111111111 magna 11111111
1111111, 111 1111111111 1111111 ’111111111111 1111111111 glorian 1111 11111111 Onne
videntur 1111 1111111111, 1111111111 1111111111 11111, 1111111111111 11
11111111111111111111111. 1111 1111111 11111 11111111 11111 ponemus
11111 1111111 1111 1111111. (1111111111111111. 1111111 1. 11111 1111111111
11 1111111111· 111111 111111, 111111111111 11111111 1111111 1111111
111111111111111111111.111111 111111111111111 11111111111 11111 111.
Ι.111.1.111..11111’1]1111 11111111 11111, 111111111111111 1111111
“ captu· 1111, 111111111111111111111111, 11111111 111111111111,11-
’ 1111111111111· 1111111111111111111111111 1111111, 11811111 111,
1111·11.,11811111.,11111111111111111111· 1111 11110111111111111,
1111-11.,11·111111.,11ὓ111,1111-11. 011111111111.1111.

1) 11111111111111141), 111111111111111, 111.1111ΧΙ.11,111111111’11,
11111111 LXXXV. 111111 «11111111, quorun 11111111111111111111-,
1111 1111111111111111, nullo 111111 111111, 11 1111111111 11111111-
111111. 01111111111111 ΗΧΧΙΥ. 11111111 111111111111 11 11-
111111111111 0111111111, 11111111 XXXV-mxlv. 1111111111
1111111111111111111011111111111111111111.111 111 111-
111 111 11 111111 111111 1111111111 11 1111111 XXXV. 11 1111 'quodam ll·
111111 11 lonn- 11111 11111111 1111111111 1111 11111 11 1111111111, 1111
11 111111 111111 11111.1111111111 1111111111. 1111111111, 1111 11111-

[5]

 

