CAPUT 111 mn

111414141 1, 1, 181 1144111111141411 4111111111 1141114111 Ι, 8, 881
1114114 141141 111114 1411114111 41111111 11111111 1111111 Ι, 8, 4. (11 11411
141414441411 1111.)1 1444 11114 111 1441 sonito vinum 11141111 1, 11,
11411111..11141111414 1111411111.. 1141411111 1111 1141111 41141111· (41. 41,
11111141 not. 844411 Ι, 18, 11 111 1111 offam 4411411 111411 11111
11111 1,.,11 11444 1111111 144..111141411111111411444111411 1141114
111111 1414111 11, 18, 811 44 consonarum 1441111 indubitabili 11114 4411111·
111 (41. 1, 1, 8.)1 811. Ι,11141., 11. 1111 114111 111.. 4111144 lingue·
1411 1411 4111114111 Ι, 11, 41 14114411 grogn ..141 11 441111 1141111114
11111141411114111114 1141141111,14,1111111 1114411414111411 11-
11411411 1111414141 41111111, 11 ΙΙΙ, 111, 11 1111 111 aab· 441111 1114111-
1114 7111111444414114141 Ι, 18, 11 44 cvm 1111111111 11111-
11411111 11414. 4444 metonymia· 1144111111, 1181411411 4111411 111·
141411144114114111111414111411 4414111 ΙΙ,’11, 111 14 811111 11 11111· 11-
111111111111111 (41. ib. 1, 81 114114141441 1114111 41411111).

8111111 141141114 141441441411114111414111414 114 1114411114 1144
141414 141 1111441414 1411111 1411111141 4141111 11114111, 41411111111111
41111 1141114111 (Conm- ΙΙ, 11, 8.), 4111114111 (811. ΙΙΙ, 1,1.), 1111114111 (011111.
Ι, 14,4.),1”11444114111111(0411111. Ι, 18, 8.), 11114111 (0111111. Ι, 18, 881 811. Ι,
11, 14,), materiati· (cm. 1, 11, 14,),1111111141 (414111, 141411111-
114111 (811. ΙΙΙ, 18, 84), 1411114111 (811. ΙΙΙ, 18, 8.), 1144414111(1141114.Ι,
11,4,11,4,11,114111,4,4,11,4.),1414141414,1,11 111.),11-
411111 (8111. ΙΙΙ, 18, 8,), 441111111 (841. ΙΙΙ, 8, 8.)1 - 11 41111 1111111111
(comm. 1, 4,11,1,14,14,1,11,11, 11,4,111114,4,11, 11, 14111),
- 14 111111 (41 44111111411144111144111111111 111411111111111111111111141111111-
111 1111, 1414 4411111 1144 1414114111 1411111 1411111111 11114114141) iugum
(044141.Ι,8.1184,81,88)18,11ςΙΙ,1, 14118.)1 - 11 4111 1111111111
(4114.1,4,4, 11,1, 11,4,11,11, 14,),11411114114144141144
11, 141, 111, 11, 1, 11, 11, 11, 414111, 1414, 14, 14.),11111.(4114.
Ι, 11, 181 811. ΙΙΙ, 18, 18.)1 -· 111 ,114141 11111111111 (811. ΙΙΙ, 12, 8.), 1411·
111441 (14.1, 811), 1114114111 (111. 18, 84), 1111111411 (11. 11411), - 14 1411111
1441114111 (811. ΙΙΙ, 18,4.)1 1444, 11444 111114111111 114, megum (811.
111, 11, ³⁰3 18, 9.). 4111 141141111 1111141111 1414141 1111444
4141114141, 4111111114 (114. 441. 14 con.¹1,1⁶,⁴.), 41414111 (114. 141.
14 811. 1, ’1, 11,), 111111(114.1141. 14 811 1, 11, 4.), 111141111 (114. 1111. 14
841111. Ι, Ω, 8. 1141111141), 14441411 1411411111 1111111111 (0411111.
Ι, 8, 93 811. Ι,8,1.) 11 rum (44 4111. 18, 8.), 111 44111411, 1411·
11111111 4114 1111111111 11414111 (811 Ι, 8, 4.). “

Verbo 1414111111 1411411141111141 4114111411 1111111 11144 11411 4111·
1141411414 (811. ΙΙΙ, 11, 4.), 11441414(0414·. 1,41,1, ΙΙ, 11, 141 811, Ι,
111, 1.), 4414111411 (811. 1, 8, 111 ΙΙ, 1, 8.),11141141114 (811. 1, 18, 11,), 11-
1111411141(811. ΙΙΙ, 18, 4814141414 ((141111. Ι, 18, 1111, 14, 81 14, ¹⁰3 11,
1111 4141818181 811. ΙΙΙ,8,8.), 1111114111 (114. 111. 14 0414111. Ι, 8,
4.), 4414 11111114111111111, 11411111141111114, 144111111111, 4141111111
(8111, 111, 18180, 18, Ι, 111, 8.), 4111111111(411414.1, 11, ¹²3 1114, 8.),
1111 114141111 1414111 11 4141114141, 41 1111111114 1111141 114 1111111141
1414144 (11411141. ΙΙ, 8, 8.), 111 114 11 11114 411 respondendo 4111114414 (811.
111, 1, 1418, 141 14, 18,), 44414411 114 44 11114 111114144114141411114. 1,

1, 48 (4111114111), 11, 10111, 181 11 B, 1.), 44144411 111 441414 411
1411114111111 4111114111(8144.1,11,11,11,1;1,1,1141, 1118114,
1111,11,1,11,14,11, 41111,11,1,14,·1,14,11,11,4111111.

 

