mx Δ PROOEGOMENA.

1111111111111 (V 11 111111111111) lm. 111. 1111 1111111111-
06011111., on· 1111111111, 11111111. 111. 11„ 111111111111111111·
11111 ‘nguentum 11 11111 11 81111111, 11111 111. 111111,
ιι.111.,·111.118111. Δ01111 1111111 1111111 1111111111 1111111111 111
commun 11111111111111111111111,.Ιιο1 {aguntum 1111111111 1 1111111
11111111. v. 111. 1. 11111111111111.11 ivl. 11 1111111111 1-1111. Nm

· 1111111111. m. 11111111111111111 1. 11111 111111. 1111, dando-2·

, 11111 IX. 11 X. 1111111111111, 1111 1111 111111111 11 111 1111111 1, 11
’111111111111111 11111 1-1111. 1111 111111 1111111 111111111 1-1111. 111-
11111 11111 111111111111111111111111111111 1111111111 111111. ·

111. 011111181111111111111. ’ , ¹· ·
1) Ab 11111118111111111 1111111111 11111111.
1) 111111.Ι (1111111111111111,Ι 111111111111111 11111111 1111111111,
· ’111111 conatuum. 111. 11111, p. 1111. 811111111111 111111111111111
1³1, 11 1111111111 1111111111111111. 1111 1111111, 111 111111 1111111
uit, 111 111111111111 E. 1111111111 V. 01, 9111111ἰί Fun-uh 11111111,
11111111 1111111111 11111 1111 11111111 11111 gnua 11111111111111111

· 1111111 0111111111. . ’ ’

1)11111.811111111 11111 ..11111 1111111111 111 Ι1111111111111111.1’1-
11111111 1111111 11111 111 111111 Pl· 111.11111,1.ι.11.

8) 11. 1111111 Augus-m, (1111111111111111, 11111 11111, 11111111 li·
111,11111111111111,111111111, 1111111 11111111 111111, 11111, 8, 11, 11-Ι
111111 „flu 1111111111 rw) 111 11111 11111 1. (1111. 111111111111.
11111111..) · ’ · , ’ , “

1) 111. (11111111 1111111111 (,,111111 1111111111, 111111 1111111111, 111·
1111111111, 111. 1111111111 11111 1111111111 11 suppeditent 11 1111111111

1 911111111111111111111111111111. 111111111111111111 11111111 1111· '

11111. 11111111 111 111111. 111. 'cona 11111, p. 11. 11 1111111.

1) ’11111111 (11111111). 1111111111 11111 1. 111111, 1111 1111. 11111..
111. 1111111111 1 1111111111111 Ι111 protulit 11111111, qm 1111 1 11-
1111 ’1111111 1111111111, 1111111111111111111111111111111111111111
11111111111111. 811111111111 1111111111111111111. 1111111 1111 111-
1111111, 11111111 111111 111111. Nque 111111 1111111ὴί11111111 11111
1111 1111111111 1111111111 11111111111111111 11μ1ω111111ρ11 1111111-
111 11111111 11111111 111111 111111111 111111 11111111 1111111. ‘Ex'
ιιι. quomam 111 ι, ιι. 11, ι, 11, 1111, 11, 11, ι, 11, 11 11, 11, 11.
1111111111 1111111 eon-munient· 1111, 1111111 1 111111111111111111,
111 1111111111, 1111111111113111111111111 111111· 1111111111, 111, 11, 11.
11111111111111111111 ''W'’ 111 11 P 111 olimst 11. ’1 18. 11
1111 Malos} 111 11111111011411100, 111, 18, 11. 111111 ,1111111-
1111111111011, 111 1111 111 Μ ΗΜΛ 11 ΔΥΝΦΑΟΤΕ. 111111 111·
1111 discrepantium 11 &maturiorum 1111 1111, 1111111111111111-

1) 0111 11 11111111111. 11111111 11111111 1111111111 011 1111111
satiarint (11 111.1,1,11.11 11, 1, 111), margo 8111111ἰί (11 111.
11,11111111111111111111111.1111111111111111111
8111111111111111111111 111(11 1111111, ¹³·)., 1111111111 8111-
111111 11 1111311111 11111 111 (11 ΙΙ1.111, 18(11, 11), 6), 11 1111-
111111 1111 11 1111111111 111111111111111111118111111111 commodaverat
1111111. 0111111, 11, 1.1 ’11111111 1111111 11111 111111111 1111
11111111111111,11111,1,1.18111111111111111111111111111.
111111 111111111111111111. 1111111 1. 11111111 11111111 11111111
typi· 1111111111 111111 1111111111 11111 111111, ρ. um.

 

