810 1001110111 commo

1111111101111111111111111111 ampuys. 1, 8, p. 18. 0111111. ... boen·

111111 1111111111111111111111 11 1111111111. 1111111111.111111111.1.Ν., 111
1111111111111111111111111. 48. 11. 11 81111111111111 p. 1111. 1111
11511111111111111.1111111101111111. 111111 111111111111111111 ¹
11 Theologumenon 1111111111. p. 14. p. 18. 111111 1181111111111811 rr-
111111) 11 1111111111111111111111711111111111. 1111111111 oon), 11 φησιν
1’1111111111,11111111111, 111111 1111111111 11 1111 11111511. 1. 1. 11. 111111.
1.18.“ 11111111111111110111. 1181. oficio: 1111111111 1511111111
(11111111 11 Πυθαγόρειοι). ln 11. Stephon! Ι11111111. 01. 1. 1. 1. Δίκη p. 1481.
11. 111. 11111111 „Auo cognonen 1111111111 11 ’111111 1111111. 1181. 11
151111 1. 111. 111 p. 118’.“ 0111111111111111111111111111111111111111111-
11111, qood 111111, 1111111111. 0111111111 1111111111111511111111 11
111111111111111111111 11111 0111111111 11111111111111. 1111. 1111111111.
u. Phnor. 11, 1, (1.108-141. 1111111 111111. 1. 1151113. Philon. p. 11 111-
111111111111111111111111111 p. 101. 111 octonorio 1111111 1111. 1111111-
11 11111111. 111. Vlla 5 1411 1111111. oya. 11, 81. (111.) p. 18. p. 81.
0111 111. 11. 5 1151. 1111. 11111111. 111. 5 181, 1111111151111. 11,
11. (1115111. 11 111. 111, 8. (111.), 111, 0111111111 101111. 111. 111. p.
811. -· 1111. 11111. 11. 1. 111. quadram, 11 1.* intellegi, 111111 corono.
11, 18( 11. 111111111111111111131111111. p. 88. 01115 8. 1111. 11, 1,
8.1114,14. 11111111. 11111155 181. 1114111515. 111111.1111111.111.
111. vlu. p. 180. 0. 11111111. 1511111111), p. 14.111. (111.),1. 18. -
11111111 58. 1111. Plotio. 1111111111. 11101. 1811111, ron 11111.
01111111 rol. 111. p. 811. -· 1111. App· (111144.) 11 1111111111. 1111. 111.
Μ. p. 18. oum 5 8. 111111 norror ormo 1111111 1111. 111115
1111111111 111. 1, 514. 11 111111. 111111. V. 111. 1. p. 481. A. - 1111.
111150. vorbi· 1111111111 1111151111 1111111111 1111. o. 11. 5 1. 11 1. 11, 5 8.
·-· 1111. oum 5 11. vorbi· 111 Pollu 11111111111111111111111111.111. 1.
5 48, 111. 11. (1111.) 5 881, 111. 111. 5188. 1111111111111, 8. (111.) p.
81. 111111 11111111. 1111. 110111. p. 811. 11111γᾶ11 [1111111111 111711·
vor ἔιᾶὶουνἎθηνᾶο 1. 11. -· 11111111 5 18. (111111111111111111111
11111 margine 11 rorum v) 1111 11111111. 111. 111. 5188. [noro-t. Lyd.
11, 10. (1111), p. 14. p. 48. 11111. 1. 1. {og 11185, 11111111·
15 14111115 19. conr. 11111111. 1. 1. 51η. 11 11111111. 115111,
8. (111) p. Ι. - 1111. eom 5 10. 11111 5 8. p. 41. 5 11. 1.* 1111
vorbi· o'rrgobr'lorr 1111111111 1111. 11, 1, 1 1118. -·- 1811. 11111. 1. 1.·
¹⁰3· intelligor. p. 44. 588. 1. 11111 pourton 1111 «oren. - 1111.
15111111. 1811115811. 1. port 11111 11111111111 0. p. 48. 5
11115 41. 1111. 11111111. 111. 11. 5 184. 1111. 11 111. vn. s 188. 11η. -·
111115 41. 11111. 11111 1111 Per 111111 quaternum· 11111 11 Common-
111111, 111 1111111111011111 offeruntur 11 11111111 voror, 111 11 11
humour, 111111 1111111 111 pro 111111 11111111. 111. 1· los. 11-
111 11111111. - 1111. 11111. 11 5 41. 01 {ab 111 111. odor: 0111. 11-
not. 1111111111 11111111. 11 , 5 1011 ,1111111111 verrom 111111 1 111-
1111118 pluo 1111. 1, 8. p· 811. [1811. 11511111 113111151511111111111-
mJ· 1111111111111111 11 1111 11111111. 18. p. 111., Porphyrium 11 111. p
ὓ.. Sextum 1111111.1. 11111511. 84. 11 8111111111 11 111. 1, 11, 11 1801.
11111.“ 1110111111111. 1111111111. 11 11. 1101111841 „Denique 11·
1111111 1111111111111111111 ignorata 111 1111111111111131111111·
rum 11111111 1111111111, qui 11111111 11111111 11111111111111 51111111 1,
1, 1, 4. 1111111. 11111 [111111 1111111111111111111. 1111.1101.1.18.]111

Ι .

 

