000000 . 1101110οῈ11.

01111000 00100100(οῑ i. 010),00000011001001001, 10 0000101111100001
1011101. hs. 001. 1. 0. ms. 111., cicens-is, 011. 00011. 001. 11. 0001. 11.
0. m, 0001 011000 0110000010010010 isi 1010000100 0000 000 000010
0001 0001110· 10000100 00000 10 editionibus 1000001000 000000 qni

1001000 000100 0000 «11000100, 10000110010000000011111., 1101111000·
000 00 1001011,8,81·10., 0000 0001οΙ1 11100 11100110 001111010-
0001011000. 11000 00011000 sis is. 1001000 0000 0000000000, 0001 00 0000
1110 00 00 00 1000010000110100110000 000 0001Ιο000 00100011 00000 0. mv
00.800101000010110001110111111000111010 001100 00010001 010000
0001000000 cnm 0111. 100011.

)100100000(100111)1001008811, 00100010111110001, 000100
00110011000,000001000. 000. 11., 0010010000101100000, 00000 000110001
011000 commentarios 10 80000100 1010100010, 00001 00000 0. mn.
80100001100000 00011001 1110000 nunes, 001 011100 00 00100 0000000000.
110001. 1000011110οι 1111111 omi 811111111011111 bimi. 1101111.
10 01001000 1100 10011000 11111011 1111111118111111111011181.
mmm 1101111111. 10100 111001 11. 0000000001 00110100 1111000ου
10 1100 11001101. 10011000 11111011 1111118111111111101111.1101111 ¹
11111118 VN 101011 1111111111. 11101 11.1.11. 000 distinguntur,
nisi 00001 10 100 1110011. 0011010100000110000110100001000001000 Quae
0001 0000 0000011 Virgilius oi 00110010 hosium 000110. 11100 11110-
00011110οε 11011111111. 1111. 111 11111111011111101111111. 10 100
sniis 001 subscriptis. 000-0000001000 0000 11010110110 101100 000 0101 10
inscriptione iibri 1. 10 111011. 0001110 1100100101010011000 DE 11111110
nnus. (100000, 0001000 10010· 000001000001 10011001, 1, ἢ, 10 00
10000100 0001010 1110010 0001011100. 11000 1100010000 1000001 1. 11.,
001100οω11000000101110000 ssi. 1110001, iis 0000010011, 01100001110- ’
000000 001000 000110οο1 000οη110010πο 800000001001001001110000 ΜΔ,
1100000111οηηο Σ 01 Ε 100000 0101000 001 0010010), 11111111,

 

111, ΖΞ, mi (0000 1000000 11100000001000000 sihi 0001010011110000), ΠΡ,
im, ΕΗ, 011, ΤΘ. 11101 00000 1010000110 0000000100 00001000 1110000,
00000 0111010010 010000 si 01100000 010000οι0 011000 001011000 0000 1110-
01010100100110. 1100 0000 0000100001110000 001 00000 integrus 000 011000
0000000 00001 1000010100.

8) 80110000000010 0011000 88. (S), 000011000000010, 0000010000. 000.
11. 00011001001000000000000100100101000100101010010.00000 nb
0000 0000 descripsi 00000 0. uvi 00. 1010000110 10 0001000 libens 0001
11010110100 001 0000100 00101000 000000 000001 inscriptionibus, 0011010 000-
110 nbi 100000000100. 11000100 0000010 0100-000010 100001 0000 10 0000-
01001000010000100001000 0001010, 000 011000 000000 00000000 sinunt
0001010 0001, 1110010 00100000Ιὶ0. 801 000110 01000 0001000 0001, 10110010
1.11. 111. 1000 omnis.

4) numburgensis (Β) 11. 1. 8, 10 10001011 00101. sn.. monitu. 000. 1.
101100001111. 1000000 0000100100 00100010,10010110 000010 pagins 110000
11101000 01101000, 01110 0100 0110 001000 inens, qnsrusn prims 01 0111000
00000000000001110 0000010000. 00011001 10100001100000 libros 1000
00000 001 111. 111. 0. ln. i 8. 000100 Vides 1010 01 01100000 seminari 01
nnsis. 1110000000100 0 001000 000 000000100. 10 001001010111011.10-
011000 conviviolis! 1111111 mm 111111111011111 11101111
1111011111, 01 10 iis· 11101110 001111101111 Pium 11111
811101111011111 11111011. 11100111, 0110 001001οἰ0 01 10 1100

 

