1111 Pnotmottm

8,11,11,1,1111,11, 1111 11;111.111,1,11,1,111111,1,11,11,
11, de tm. Ι, 1, 1.), 11111111 (811. Ι, 1, 11, 11, 111111), 11111111111 (811.

111,8,11.),··- 111 11111111111111111(111ιι.1,1,11,11,1,14,8,1.), 1111-
1111111111...1,1,,,11,11,11,11,1111 11;11,1, 1111111111.
(0111111. 1, 11, 8, 11, 14,18, 11,1 11 11.), omnipotentie (Genu. 1, 8, 18,
14, 1, 11,11, 11, 11, 811 1, 11, 8.), ·- 11 111 1111111111 (Gema. 1, 11,
1.), 11111111 (11. 10), 1111111111 (0111111.1,11,11.), ,111111(01·11.1,11, 11,
11,1α14,11,11,1411,1.,ι1.·11,8,1.,111111. 11, 111 1111.),,111111111
(e prodeunte, 811. 111,11,1.),1·111111(811. Ι, 11, 11 11113. 11.),- 11 111
11111111(8ι1.111,1,1.), 111111(811.11,1,1,111,11,14.), 1111111(811.
111,8,18.),111111(111 11,1,4.), -111 1111111(811.111,14,10.01.0111.
111,8.),-111111111111,11111(8111,14,11,111,1,1. (tt. descend,
11, 1, 111, 111, 8.),11111111111111 (811. Ι, 1, 1, 14, 11), 1111111111· (0111111. 11,
14,11.),1111111111(811.1,11,11.), - 11 1111 11ς11111((111111.11,11,8,
811. 1, 11111, 1, 111111 1111111ς11111, 011111.11,18,11., 811. 1, ,11111.,1,
t, 1. 1111 11111111). 8113111111 ,11111111 11111 1111111111 111. 811
e'etegn'tee 11111 11111 entitatem (111. 111. ed 011111. 11, 14, 8.), eutiti-
11111 qued 1111111111(οα1111.1,11, 11,11,11.), 11111111 tt·- qeetl erge-
mm (011111. 1,11, 1.), 111111 111111 qnod 111111(811 111, 18, 8.), temte-
111 (11 11111 1111111111 111 1111111111 1111.) 111111 qued 11111111 111 111111
(01111111. 11, 1, 111), epitomem 11111 iden quet! 11111111 1111111111 (Ge-n.
1,11,11,111.1,,11,1.,1;111,1,1,1,11,11,11),ιο111111,111 re·
11111 (811111, 11, 1.). ,41111ιί11111 genere 1111111 11111111111111 1111111
,111 11111111.1111111111111,111111,111 11111111 ,111 1111111 11111111(811.1,11,
1, 11,1.). Bere neuin 11111111, 11111 dicenter, 1111111111 ,11111-
11111111, etpost 111111, poet 11111111, pet poet 11111, (111. 111.110111111.1,
1, 1.), 111111111111111111111 1111111111, 1111111111 1111111111 111111·
1111111111111111, quod 111111· 1111111 0111111111 1111111111, 11
,111 111111. 18, 811 11 11 ptem Deiotaro 11111111111111111111, 111 1111111
1111111. 1111111111 quatem 1111111 111 Genu. Ι, 18,1. 1111 1111111111. 1,
1,81 1111 1111111111 111 1111111111 111111111 1111111111, 1111.
111 11111 111 1111111111... 11111111111111111111111111, 1‚⁶‚
181 ,1111111111 111111111111111 11,,11111111111111 11111311, 11,11,111
1111111 1111111111 11111111· 111111, 81111, 111 11 1111111111
111111 patefecit, 11111, 18, 111 Qu· ,1111111111 11111. 8111111111 111111,
11111111 1111111111,11μ111111111111111 1111111111 1111111111 Gema. 1, lta:
Ρ11111111111111111 1111111111, 11, 8, 41 aem 11111111 111111 ’1111-
linquentem 1111111111, 811. 111, 11, 111 011111 ,111 1111111111 111.
1111111 1111111111. Neu 1111, 1111 11111111 1111111111 1111111111 1111
111111111111, 11111111 11111111 1111111111111 1111 1111111 11111111· 1111
genitive, 1110111111. 1,t, 11 1111 1111111111 perpetuitate (11. 1, 111, 8.
11110111 perpetuitate„ 1,1, 11, 1111 11 attendet e‘eeteeee’tett 1111111111-
111 1111111111, 11,11,81 11111111 11111111111111111111111 11111111 11-
11111111 11, 11, 181 ente 11 vtato-tamn 11111111111111111111, 811.
Ι,ι11111.,181,11111111111111 111111111111111111111111, 1·,11,11 111
1111111111 111111111111111 verietate. 81111111 1111111 namt-r genitivu
gemuit, 1101111111.1,1,11 1111 essem dubitauit 1, 8,11 euentu
11111111 111111111111 praebete Ι, 14,181 ,11111 11111111111111111111
11111 1111111511. 11111111 1111111111 1111 etle- 1111111111 1111111111 111·
uphem, 111 com 1,1,1, 11111ιὶ11 11111111· 111111 sigueetie’pen
quaerenti 1111 1111111 .. (1111111111, et que 111 1111111111 111111,

 

